    30     74     36
    96      3     94
    34      2     75
    58     97      1
    75     17     77
    48     75     38
    45     13      7
     3     53     31
    79     77     12
    84     64     17
    79     89     86
    82     33      6
    97     69     67
    43     60     22
    34     74     18
    33     72     65
    87     54     37
    47     66     93
    82      3     43
    21     26      2
    72     51     20
    61     71     29
    71     31     18
    59     22     21
    26     88     33
    86     78     56
    17     52     65
    30     21     59
    11     69     32
    30     70     72
